0 0 0 0 0 0 0 1 99 99 1 1 99 2 2 99 
0 0 0 0 0 0 0 1 2 2 1 1 2 99 2 1 
1 1 1 0 0 0 0 0 1 1 1 0 1 1 2 1 
1 99 1 0 0 0 0 0 1 99 1 0 0 0 1 99 
1 1 1 0 0 0 0 0 2 2 2 0 1 1 2 1 
2 2 1 0 0 1 2 2 2 99 1 0 1 99 1 0 
99 99 3 2 2 3 99 99 2 1 1 0 1 1 1 0 
99 99 99 2 99 99 3 2 2 1 1 0 0 0 0 0 
2 3 3 3 3 3 2 1 1 99 1 0 1 2 2 1 
0 1 2 99 1 1 99 2 2 2 1 0 1 99 99 2 
0 1 99 2 1 1 1 2 99 2 1 2 2 3 3 99 
1 3 4 3 1 0 0 1 1 2 99 2 99 2 2 1 
2 99 99 99 1 0 0 0 0 1 2 3 3 99 1 0 
99 4 3 2 1 0 0 0 0 0 2 99 3 1 1 0 
99 3 0 0 0 0 0 0 1 1 3 99 3 1 0 0 
99 2 0 0 0 0 0 0 1 99 2 2 99 1 0 0 